data/WideFieldInstrument/Imaging/BandEdges/WFI_filter_edge_wavelengths.ecsv
# %ECSV 1.0
# ---
# datatype:
# - {name: SCA, unit: '', datatype: string, description: Sensor chip assembly (SCA) number.}
# - {name: F062_blue, unit: nm, datatype: float64, description: F062 filter blue edge.}
# - {name: F062_red, unit: nm, datatype: float64, description: F062 filter red edge.}
# - {name: F087_blue, unit: nm, datatype: float64, description: F087 filter blue edge.}
# - {name: F087_red, unit: nm, datatype: float64, description: F087 filter red edge.}
# - {name: F106_blue, unit: nm, datatype: float64, description: F106 filter blue edge.}
# - {name: F106_red, unit: nm, datatype: float64, description: F106 filter red edge.}
# - {name: F129_blue, unit: nm, datatype: float64, description: F129 filter blue edge.}
# - {name: F129_red, unit: nm, datatype: float64, description: F129 filter red edge.}
# - {name: W146_blue, unit: nm, datatype: float64, description: W146 filter blue edge.}
# - {name: W146_red, unit: nm, datatype: float64, description: W146 filter red edge.}
# - {name: F158_blue, unit: nm, datatype: float64, description: F158 filter blue edge.}
# - {name: F158_red, unit: nm, datatype: float64, description: F158 filter red edge.}
# - {name: F184_blue, unit: nm, datatype: float64, description: F184 filter blue edge.}
# - {name: F184_red, unit: nm, datatype: float64, description: F184 filter red edge.}
# - {name: F213_blue, unit: nm, datatype: float64, description: F213 filter blue edge.}
# - {name: F213_red, unit: nm, datatype: float64, description: F213 filter red edge.}
# delimiter: ','
# meta: !!omap
# - {comments: Roman/WFI blue and red edges for each filter at the center of each sensor chip assembly.}
# schema: astropy-2.0
SCA,F062_blue,F062_red,F087_blue,F087_red,F106_blue,F106_red,F129_blue,F129_red,W146_blue,W146_red,F158_blue,F158_red,F184_blue,F184_red,F213_blue,F213_red
1,482.39309665809856,761.7961696330002,762.9983462111373,983.5493707121814,935.2587775333725,1201.2975403156713,1129.438060593613,1455.042275906199,927.2799129905492,2003.0706059599509,1386.9708067835998,1785.8858171535546,1685.3952826543707,2007.2180027198838,1966.0166521709084,2315.2374750218773
2,482.21609524166035,761.4586641320374,762.6644461744108,983.1343818532406,934.8593627277195,1200.7967333553,1129.0043577737672,1454.4499678560155,926.9155041146491,2002.1940308635342,1386.4257453997334,1785.2000392062318,1684.7251697797897,2006.4199331871419,1965.216340379864,2314.30606782286
3,481.43647771254916,759.9717863932257,761.1934738969692,981.3062563786692,933.0998202206898,1198.5905886911914,1127.0939891193589,1451.8408138304455,925.3103214628806,1998.3323431603346,1384.0248075099237,1782.1793332423747,1681.7733563830416,2002.9044771682481,1961.690916859675,2310.20321393611
4,481.68833417919114,760.452178932389,761.6687237104745,981.8968833387997,933.6682939083994,1199.3033399215917,1127.7111519912557,1452.6837551140595,925.8288980525415,1999.5799984621417,1384.8004639011222,1783.155201205612,1682.7269873557375,2004.0402019896276,1962.8298779935399,2311.5287164362826
5,481.6098261561932,760.3024378696153,761.5205852684185,981.7127796709523,933.4910960603534,1199.0811684826353,1127.5187732510412,1452.4210009086094,925.6672508210627,1999.1910962313982,1384.5586814706849,1782.8510088150258,1682.4297285523646,2003.6861822366725,1962.4748510971417,2311.115541542027
6,480.98132866277354,759.1034994414946,760.3344915577286,980.2387712396453,932.0723637668748,1197.302392113406,1125.9786286948781,1450.317347311036,924.3731130143863,1996.0772894196343,1382.6229861831355,1780.4157072122339,1680.0498707637807,2000.8518955584545,1959.6324470847546,2307.8076268261943
7,480.2414670894477,757.6917004392826,758.9378473440271,978.5032092440297,930.4018528095529,1195.2080242640548,1124.1654636676583,1447.840557282824,922.8495107604834,1992.4107323617566,1380.34407145878,1777.5487012034505,1677.247988337209,1997.5149995163215,1956.2858704800558,2303.913042023821
8,480.4850490146385,758.15655210499,759.3977055688233,979.0746465926842,930.951875982353,1195.8975942376144,1124.7624198264637,1448.6560282739133,923.3511393131619,1993.6179807097672,1381.0943779721288,1778.492617983546,1678.1704820028476,1998.613641426692,1957.3877144432117,2305.195306304046
9,480.2167310176603,757.6444913646791,758.8911455848465,978.4451765598037,930.3459946348852,1195.137994817494,1124.1048411726626,1447.7577425531174,922.7985686870672,1992.288128005501,1380.2678752987258,1777.45284392912,1677.1543056582077,1997.4034283248213,1956.1739732930503,2303.782822824455
10,482.41371887676905,761.8354903152671,763.0372469608224,983.5977190719707,935.305311301598,1201.3558870947256,1129.4885902972792,1455.1112834461742,927.3223692054128,2003.1727306219911,1387.034310295061,1785.9657155422058,1685.47335534906,2007.3109832330692,1966.10989342923,2315.34598999306
11,482.2448175247841,761.5134333987669,762.7186302352713,983.2017242650278,934.924177995903,1200.8780017473696,1129.0747358790559,1454.5460841815518,926.9746379308635,2002.3362782224706,1386.5141942873174,1785.3113222101065,1684.8339113906416,2006.5494387821755,1965.3462103497468,2314.4572108948587
12,481.4694051383308,760.0345953371326,761.255610245208,981.3834769122975,933.1741445992219,1198.6837758658555,1127.1746771424796,1451.9510217593463,925.3781206705961,1998.4954673575714,1384.1262175809359,1782.306918455883,1681.8980353816585,2003.0529633620572,1961.8398270508137,2310.3765124254774
13,481.8025551117005,760.6700273903692,761.8842412602826,982.1647267925941,933.9260896974389,1199.626567211814,1127.9910402513592,1453.0660265088632,926.0640744547785,2000.1457885077334,1385.1522269445975,1783.5977650712605,1683.1594604572203,2004.5552549293877,1963.3463935204613,2312.1298309100403
14,481.72186509564807,760.5161320588296,761.731992480511,981.9755129679028,933.7439739775574,1199.3982282313311,1127.7933168478546,1452.7959764706402,925.8979373009629,1999.7460955633542,1384.9037287521573,1783.2851216122178,1682.8539458819052,2004.191402982027,1962.9815086776925,2311.7051821850314
15,481.0803687154299,759.2924525463393,760.5214188008827,980.4710680723463,932.2959510702326,1197.582716815727,1126.221334391638,1450.648865848254,924.5770541779337,1996.5680224180403,1382.9280293919649,1780.7994774044284,1680.4249114578656,2001.2985494922036,1960.0803866226408,2308.328923273833
16,480.38707900550577,757.9695921087857,759.2127534794923,978.8448165749629,930.7306591422572,1195.6202511252548,1124.5223224373394,1448.3280467813704,923.1493837022161,1993.1324330077448,1380.7926037844577,1778.1129720897754,1677.7994546478599,1998.1717671707845,1956.9445540714337,2304.679580060674
17,480.6435476912811,758.4590044221347,759.6969108114157,979.4464571470437,931.3097511048115,1196.346271391467,1125.1508513716033,1449.186630465561,923.6775390597924,1994.4034728796546,1381.5825875338544,1779.1068122555498,1678.7707271418553,1999.3285021252245,1958.1046508248767,2306.0296412927514
18,480.3655033649717,757.9284173978934,759.1720210511754,978.7942008483614,930.6819402198672,1195.5591716412023,1124.4694462025188,1448.2558154112671,923.1049512745774,1993.0254997092964,1380.7261443700497,1778.0293633279273,1677.7177435516846,1998.0744535109252,1956.8469568546493,2304.566001846483
